ENTREZ gene id
163071
163071
554202
54509
7298
2530
130340
130340
54464
84978
301
5214
5315
2026
3675
684
26509
4599
25937
10123
10123
10123
3429
2305
7298
3383
9123
9123
5836
857
51363
3434
11103
858
858
1969
10974
2530
2537
8061
5803
3690
7020
3437
355
6236
6236
1890
8406
4939
3976
9636
22824
27074
9734
8638
22885
2161
3159
54739
4277
3902
9447
10622
9748
30835
9859
2317
7430
7430
998
2810
114876
23657
3458
9590
330
8638
26509
23089
857
9859
113146
112464
57211
26278
6398
91543
6355
10561
8347
355
355
51750
7430
23657
4940
64866
23586
54509
11274
10855
6614
79627
55212
54809
79026
56829
80323
81930
92815
30001
54509
29766
83666
84250
56938
64073
8697
81786
10170
10170
56262
399959
90102
80144
284252
284252
92737
79745
219285
129607
3433
30812
388115
29126
4907
9590
9590
140576
144455
79827
220042
5210
54809
4939
84969
162417
169792
3437
6744
219285
9590
26270
57464
84553
51088
301
56262
8562
54941
643977
643977
9331
219285
119392
100506676
130340
84959
80328
119392
135228
8797
444
91543
10634
3669
2810
2810
