ENTREZ gene id
91624
26112
80760
253827
5743
83871
6876
8490
100507098
221091
100127983
4211
53918
1465
8404
23022
23022
23022
59
10398
2040
2040
2878
3678
4629
3487
2273
800
800
800
4837
4837
12
5997
6840
2354
5019
4026
730
4130
10231
687
687
4023
9638
2263
7111
7111
5142
3708
23635
9936
2983
1756
3248
4211
10129
2791
65055
65055
2247
6622
2596
2669
7122
5144
9760
1346
10752
8910
10351
5743
4675
9737
7357
8639
10267
5350
5350
8777
316
5742
70
10090
4921
10290
26137
11341
6876
10439
22915
1511
7177
8630
2157
9369
4919
25859
624
3782
26040
2294
3777
2042
7168
6263
9934
28513
23266
9194
64499
4212
4629
2263
2532
1827
5136
716
8490
8490
8611
2824
2824
2824
84617
4208
4208
10979
10979
5178
1410
10418
23345
2823
2823
11030
11030
3479
3479
125
125
27295
83604
83604
6387
114088
3779
3082
27295
5354
2273
23635
6935
7168
7168
10962
140597
3306
25802
8572
83988
715
800
493
493
5087
5087
115207
6925
219654
219654
22982
23111
10486
10486
4239
6935
6935
23500
158471
83700
25822
4684
23034
26112
23452
1052
23331
85453
10439
8777
11037
7991
23114
23066
23157
55742
783
3075
3752
2774
375057
5733
57188
10418
10418
347733
2774
8572
10979
1464
4856
2273
84981
85458
221981
5742
5322
1645
6347
2
10580
51177
55859
8490
25959
7227
56892
51299
51309
8436
54873
7145
55084
80760
57161
58494
55273
51705
58189
64091
79656
59353
9499
23414
79804
29931
56999
29951
11095
51715
83439
81035
26960
81493
83716
7145
57502
2982
9510
26137
10580
8436
51705
7871
25890
51715
25884
9068
1073
1073
4026
54331
114907
114907
4921
154810
3977
253827
253827
221895
114907
171024
317649
317649
91653
164832
10335
4286
83857
84460
89932
26960
5802
25943
2260
25927
57198
8654
728264
26084
2982
10100
84668
90139
26040
50937
4921
781
57484
57631
56849
389337
116535
641700
51705
266812
100127983
84870
114815
5350
147906
23514
5592
3778
6332
9378
5099
79974
11149
256691
79971
5144
58494
93649
2982
147372
9369
9201
286133
27086
54796
221981
220108
145270
27115
257019
54796
148741
5136
9068
4919
100128178
401093
1073
221662
7057
401093
93986
26137
57381
6546
150763
27303
11095
286133
79804
93649
27303
27295
775
5742
9068
4026
400550
285382
775
93986
100128252
85004
85352
