ENTREZ gene id
283375
1056
91687
29923
7429
7429
169981
30811
776
53335
4300
6659
6659
3725
10483
3930
6241
1163
10160
10160
6480
4232
1512
5326
5326
5050
7112
26
8836
5332
5332
1365
1365
1050
10810
23475
8884
10635
3960
275
2261
8501
7089
9762
3158
540
4751
4507
2705
10903
1945
10083
29899
1644
9037
1602
1602
7429
1730
2330
6519
2620
1820
2168
415
1056
1800
1811
2984
1045
1044
4935
1555
8856
5629
1057
5046
58530
5308
430
55353
55353
7105
7105
6713
23600
58473
6509
5727
1015
5243
3170
776
53335
8908
4752
10083
7113
10079
9289
6653
23220
23177
57460
221061
6509
6509
8495
23263
4752
92211
23314
26035
6659
8549
368
55353
25924
8991
3110
90333
27324
9725
27324
10950
368
1080
79184
27324
7512
10144
9547
55365
55240
79887
29923
10451
10451
25984
54517
57715
56992
79574
80183
53335
53335
8645
54491
59272
58985
54866
54566
64772
10110
28959
55732
29974
10083
29899
3653
29127
59272
23677
51114
9547
8313
81831
53335
28982
10008
5169
51523
58516
30061
56172
10809
26022
619279
83540
29785
26996
3038
57670
84649
80824
51523
56261
147495
57181
54492
54843
84899
84440
25849
81617
81617
57216
11320
84649
6197
55502
85462
200958
53354
128486
55789
80110
338440
9185
5618
131177
84501
387695
387695
80022
120071
54947
10160
25894
28982
4800
3171
27330
65986
5629
6533
3955
10140
7429
1602
430
3549
127845
5629
3236
148418
9037
441027
401546
83879
134548
5787
10110
23554
3172
341640
389434
283375
200958
284422
10809
54843
79784
25953
51523
85285
619279
4648
100289255
124975
645249
390963
644943
100505730
10160
29974
151230
23475
118471
51302
54491
57477
23263
7089
80183
