ENTREZ gene id
3310
6352
91624
170575
139411
146722
26112
80760
2296
404203
9180
10457
253827
389336
3683
26002
220965
2207
11259
5743
716
3689
2113
23157
5797
83871
64092
123920
6876
51338
64581
6352
10631
7431
3488
645784
79689
9976
27145
221091
149478
9358
284119
100127983
2335
5175
728264
4211
283897
53918
89857
2012
339804
4629
645784
9260
4638
27145
4323
4478
1465
6678
2934
8404
3303
2316
23022
23022
23022
59
309
710
10628
10628
10628
301
1843
10398
2040
2040
4313
3956
7057
7057
7057
1363
1363
3115
10457
7078
7078
7078
7078
3490
8553
5654
633
231
3491
5621
2026
2012
2012
2878
7345
3678
10437
7431
1809
1809
1293
4629
4629
4629
3487
347
7538
2273
2273
25932
6624
56255
800
800
800
684
3371
7076
2697
1958
1958
7805
7805
6446
929
4060
2192
165
26509
9467
9467
8933
2202
2202
1281
5552
5552
5327
2908
1634
10769
4660
2180
4811
4057
6422
6422
6422
23466
23466
26064
5360
4599
1514
7450
25937
25937
8522
8522
27122
3910
10123
10123
10123
1674
4837
4837
2633
2633
5159
72
5176
4256
1277
1277
3164
6695
5997
10409
1278
1278
1545
1545
1545
1513
5118
28951
6515
6515
6515
9806
4638
6840
6840
5352
5352
5054
5054
3383
3383
7456
7456
467
558
2331
2308
4052
4052
9452
9452
2634
2200
2200
2354
11346
3689
1627
4323
4323
9123
5187
22918
22918
140885
133
6279
287
2995
3554
8038
713
3059
5996
730
2192
2192
4017
22856
857
51363
7058
7040
10516
1436
5156
1612
604
4130
3434
7077
220
9770
6275
477
477
8905
2162
858
858
1289
5797
9270
8835
8835
348
348
9823
963
4237
3488
5341
7162
1306
6252
10231
10404
19
687
687
2212
9638
4016
10272
9839
51704
9332
5320
7111
3162
6387
5577
5311
1687
1734
1734
8324
8324
5142
3708
2014
5937
6925
1519
6503
6503
25802
644
644
23635
11080
6586
6586
2983
10643
2615
8850
3489
3426
104
7412
6594
6594
5293
2199
7056
7056
9411
4283
6919
9435
1536
1536
3109
4318
1264
2167
10681
2215
7857
1902
1902
9781
4129
10810
6424
6424
4211
5920
10129
5090
7169
6604
6351
22795
2791
962
7305
5138
11259
1294
8460
7280
23166
1036
11117
8936
241
864
1318
60489
9535
11010
5549
2207
51454
2313
51454
1910
5507
4015
1301
4501
5999
1307
23768
6578
10278
2537
341
2247
55885
6518
4360
10964
8321
23641
2619
6567
1909
1909
6622
7075
2596
2669
7122
5144
9844
4644
3627
22873
6402
1346
4327
9891
10752
6781
6781
5218
6366
5336
1462
1462
4929
4929
54
1806
6352
1043
22881
4033
1003
4053
8910
3669
10351
3437
5743
4675
2123
7060
11326
9737
2009
2009
89795
10875
2028
1890
3572
10630
7357
9938
8639
3587
10267
54440
7097
10791
6943
5350
5350
5350
10468
399
8406
4332
8082
8082
4939
4600
9732
1326
8777
316
1230
9945
3908
2357
5742
70
10090
958
1439
4921
7123
2737
3569
2099
5157
2219
10563
1959
10290
5450
3937
3937
3560
974
3764
3764
8564
4330
185
10234
1675
9201
3290
8434
744
2242
1880
9358
3092
590
3212
11341
5328
9636
3001
10846
8418
800
862
862
5099
1380
6876
5125
5125
366
4920
2687
10125
10439
1359
7472
1511
27253
9734
2326
597
7177
952
8630
1311
9180
22885
925
2252
3684
912
8839
4857
3575
25780
7220
7220
4919
8685
22914
914
9450
5587
7704
5368
3782
4958
4958
5346
26040
2294
1300
6999
5396
10863
7130
7130
443
6403
2042
1368
1842
1960
7168
54739
939
5806
395
6504
4223
6401
7941
8483
3428
1236
9021
4094
930
6357
10261
1833
9834
9079
948
9447
7432
30008
23643
9934
3357
608
3003
10462
7010
23136
22797
8840
28513
56253
9023
23266
729230
1234
1466
579
9194
3952
64499
3356
1009
1009
9370
5737
3671
4286
5788
5937
2180
30835
3036
845
4050
6525
7292
4212
358
6262
9473
4616
30817
29909
953
10288
22981
11262
3824
11030
2318
5579
4629
1805
3055
81553
81578
5740
54504
114876
25816
6482
2532
1827
5136
2268
10404
7148
716
1831
11167
284119
284119
1191
1191
7070
7070
3936
3122
3992
3992
3992
3428
3428
5175
5175
5175
23705
23705
358
8490
11170
80781
80781
11151
4162
1490
7846
3853
8611
1292
2824
2824
2824
2824
11067
84617
23208
4208
4208
7852
10979
10979
7991
5178
7106
7106
7980
1410
10602
4616
4616
6004
6004
1634
4094
8613
30008
1893
5168
1116
1116
9532
6525
10418
23345
1847
5764
5764
2823
2823
953
953
114876
11030
11030
5919
5873
50810
50810
9459
3479
3479
3479
4692
948
23179
2770
4345
25878
10687
2625
9595
125
125
125
972
27295
7041
83604
83604
3679
28755
81553
5579
6285
6387
26002
5272
9976
11043
3071
7043
8076
91851
8728
969
7436
3119
3603
9750
9469
5937
6696
3953
9353
199
719
6362
11314
7424
3779
4688
2191
8013
3082
1390
4973
919
6363
7177
3486
2534
4068
3772
6356
5376
10288
4772
27295
5354
1136
25816
2273
2273
10586
10586
2999
931
6556
6095
2335
8829
3624
9590
4240
3824
3903
7035
7035
10395
3491
9473
10631
23635
5168
5329
4162
6935
2213
942
28639
6624
3122
9103
3572
8522
10962
4772
1466
1281
140597
3702
4162
1305
9103
2260
2983
25802
8572
1462
3479
7940
84525
3500
3119
5730
5328
2908
29969
6320
2335
644
5764
2124
5730
5744
23136
2533
28831
1634
26509
28831
1634
10730
7852
5329
3488
3488
1284
79026
3113
3113
7837
7837
715
800
1291
857
493
493
6383
6383
6383
4502
5730
115207
115207
3572
8613
4131
9444
9444
9444
23048
8829
23213
23213
23213
25999
4628
6925
6925
6925
6925
5962
23157
219654
219654
2335
2534
1289
1289
22982
439921
23111
10486
10486
23258
5788
5788
10000
10000
1123
9444
23180
3557
6678
23136
4239
23336
89927
26051
6935
6935
23500
83700
25822
3507
4684
23034
7373
348
26112
23492
23024
221395
23158
57007
113146
23452
23452
1052
112464
23331
4628
1805
57493
1805
169611
199
29015
85453
25903
10439
7074
6591
1794
2882
28639
6091
57205
10154
79987
23194
7035
26278
26011
1292
10346
8777
23228
57608
25907
57212
11155
11037
1193
3310
54587
7991
1291
80114
1268
23114
92689
25992
9890
91316
3908
50486
3113
915
2078
6444
6039
187
5125
23157
55742
2316
8076
8076
8038
5179
91543
3075
11213
3752
131566
7070
80342
6925
221981
2012
633
131578
4818
6750
2774
375057
5733
7291
57188
10418
10418
6355
2774
4213
2878
23432
8572
7940
10979
27122
57194
1464
23157
6865
10235
6279
3142
10561
9509
2273
2210
1215
7940
1295
5551
3514
84981
85458
2316
4481
55816
221981
9358
3495
3752
9332
199
1281
6648
1759
5937
23331
800
6594
56271
4015
9077
1838
26010
1462
5621
28785
5742
5322
51454
971
3087
91353
3371
2534
4929
9404
3913
2908
3679
28797
28825
2335
3507
28904
3535
6347
50810
5996
3908
11155
3708
7852
28793
931
1300
3108
3514
1890
283298
2
11031
11031
11031
718
51466
79901
53826
23621
116496
116496
10580
56944
59342
51177
9240
712
65982
8490
29887
25959
26585
26585
7227
9935
28986
29995
10417
10186
8572
51309
8436
56034
28984
56925
4969
54873
55340
56967
55228
29940
7145
55843
2355
57088
57134
27129
23586
55084
55601
55281
57124
55790
4883
10894
80760
54829
57419
79812
64123
64236
51285
51339
57758
57045
58494
55422
55273
55303
8877
55619
26577
80310
79953
79652
10365
56833
56833
55704
55076
79633
54210
51705
58189
51816
79630
6614
51226
79686
55016
51365
51338
29967
50515
64091
9200
79783
64231
79656
59353
56920
56895
57125
54209
9499
5101
50507
474344
23414
79804
79037
79413
51191
23601
53346
27123
4054
11096
9955
51334
26228
29802
728
84168
79772
79884
29931
54796
56999
79839
54855
389136
64092
29951
11095
64175
55679
51715
81849
114899
81606
83439
81035
26960
60468
81493
51237
83468
58528
79365
83716
6646
51063
3778
3778
9214
26353
64581
1290
1290
1462
7145
7145
7357
25960
30846
5918
10630
1296
2115
57502
2982
5079
50863
1191
8642
23627
347902
6925
9510
23704
79901
9510
10580
7227
79047
79047
9935
8436
56034
4969
23586
57823
51705
22801
51209
7871
117247
83543
6423
6423
51313
64231
83706
83593
51062
58475
58475
84662
26524
57616
57616
25890
83478
51715
56963
83690
10673
10673
79930
51237
2857
84417
84251
4053
53831
79937
51435
64231
29965
3431
25884
11185
91653
9068
96610
1073
64231
54829
83416
83416
64333
10335
7077
1073
84168
83871
123920
89796
89796
10395
4638
80315
2113
58476
131566
170954
5069
5069
26115
54331
55205
55704
55691
22808
151887
151887
5937
5937
10085
586
55243
114907
114907
714
399959
57045
4921
154810
122786
122786
81704
6542
4133
8828
3977
3977
85450
152007
152007
7325
1303
115908
10602
90102
59345
171024
171024
92241
253827
253827
128077
221895
114907
619208
25943
114990
171024
171024
94241
11228
166336
57494
79689
91653
164832
51088
10335
140606
144165
4286
144165
4131
22936
91624
11010
11010
145567
57494
55384
3575
257106
4163
1295
284252
284252
5239
126393
9509
83857
84460
50515
50515
4782
79745
89932
83937
26960
118788
2321
586
127435
6876
135228
5802
219285
25943
134111
91526
10630
25925
25925
6095
5396
92689
2702
2260
56975
91607
25927
3433
387758
57198
8038
54757
54855
56999
219972
119587
219972
10468
100509635
5990
359845
3111
4782
359845
84624
83857
8082
22936
81792
94274
26524
22806
84935
10082
100506621
83468
1837
8654
387763
3624
130271
728264
26084
3899
1272
57713
10100
2982
10100
84668
10875
2533
388115
84898
85012
27253
121457
338773
90139
439921
10320
9953
165215
2737
4684
389136
1958
219348
29126
26040
4907
9590
9590
100505881
4921
51088
50863
143279
441631
781
493869
1879
140876
57484
171024
3718
57631
2770
9021
56849
116535
54102
85004
4644
2850
641700
285195
11245
56265
57722
51705
5563
51676
1508
203447
387119
6657
256236
266812
266812
168537
143903
79827
100127983
7042
5069
493869
1356
91351
89857
84870
5350
4045
5549
147906
64097
50810
84230
23514
9839
5010
641700
144402
115701
170371
2681
5592
130497
729359
79884
100132891
91526
6646
117248
6332
54809
128346
1804
5241
10052
953
931
931
6444
54739
653464
27319
5099
440823
116159
152137
83595
283208
79974
192668
604
948
10052
11149
90362
348093
862
285598
9353
27253
221303
7275
256691
5144
639
100505746
8111
653464
152330
163782
58494
260436
146556
1278
8828
283209
1301
4094
93649
57494
11096
474344
441168
441168
3236
117581
169792
114614
3437
25817
257194
5802
7069
1879
54954
115572
2982
441168
813
51311
57158
120892
115362
100505702
147372
100507263
56256
286530
91319
117289
1286
9201
8840
286133
135228
126669
221935
10859
54796
51050
254956
221981
219285
220108
145270
27115
131566
10335
3090
116
169792
8905
81553
93166
23432
23048
8832
8905
2359
84627
81849
6574
64231
572558
145581
56256
144165
54796
6444
11167
9120
7903
54518
387758
654466
9590
115352
148741
4063
160428
5136
10186
2633
7077
83416
1303
9068
8320
57608
57608
56967
57451
1303
3234
27145
80177
728264
9358
4919
84553
100128178
100509683
667
1879
5648
860
92126
283383
51088
401093
2908
1281
64333
158295
81704
301
1303
1073
26051
3535
120103
25939
221662
1368
116159
152926
7057
59269
401093
140862
93986
643977
643977
155038
2200
11096
727936
55016
1326
84868
57381
4045
643837
140458
6546
27303
128553
219285
11095
1368
727936
944
79772
5873
800
286133
83872
2167
196051
81285
79804
1009
3117
79812
197358
1030
1493
117248
7046
23111
100505971
401097
25817
3371
93649
11174
3514
116362
440836
5563
27303
286097
54796
4256
128553
115362
253827
27295
775
5742
9068
147947
1009
337876
100506451
91543
29995
5272
93986
10135
257194
151887
401494
1378
128553
100128252
85004
64641
6362
3669
1043
4033
9902
8630
1301
23166
26051
30846
50509
85352
57419
57333
