ENTREZ gene id
2049
283375
54443
89866
79258
158158
84899
2118
4085
7429
415117
64081
56924
79983
1033
285343
776
10903
84914
388722
100288637
399669
53335
55349
4257
346389
646762
91860
481
7153
7153
6652
6652
7163
6241
332
4609
2065
9768
2305
9133
2877
991
9053
5326
5326
6662
11065
10535
983
983
4085
2591
890
4233
8836
7038
8659
701
5332
5332
1525
1365
1365
10529
10529
990
990
5774
1050
8884
6790
5983
5983
3291
10635
9920
2261
4128
4128
3783
23046
2264
2049
9156
3158
540
4751
993
9603
9493
4602
7272
2762
1058
2705
9134
1080
440
1573
10903
10083
25797
5357
5723
29899
27293
1644
6491
1111
1111
1602
7429
4488
722
140462
5608
1040
6519
415
10223
6296
1800
9914
1491
9837
9032
2984
9928
1045
27035
1044
66002
6523
1555
10
339
8856
27035
55018
5308
27284
430
5318
1063
6790
10279
312
7368
5468
100133941
100133941
3397
7105
7105
688
688
563
23600
2048
699
57228
100133941
100133941
6241
1015
11187
57405
23657
5208
22974
5603
3170
776
26013
332
53335
6296
2172
983
2524
22996
27035
4752
2048
10083
6819
2118
622
58495
4288
4288
11163
27346
27346
57460
4128
10562
4752
23108
22941
25945
92211
23314
26035
11339
23086
4610
23120
2762
25924
1577
1577
130
1644
8991
891
675
27324
9914
9725
57876
27324
3655
10950
23314
1080
100133941
79184
27324
2918
563
1491
1829
9055
51203
57111
10053
51703
24137
80209
54463
54463
55165
51514
26499
64151
64151
55638
54894
10112
54836
55612
10451
10451
64757
55765
53832
54845
79170
55872
55630
55540
23554
56992
79977
80004
79574
55286
25788
53335
53335
65987
55839
79838
54863
55512
29842
63898
79983
1894
259266
51361
51203
79733
58985
54866
3070
54566
55635
100289410
64922
79962
54830
79782
23624
55124
29968
23120
29974
11132
10083
83461
51659
54478
91860
84900
4173
9076
51703
54443
51514
8313
54836
64105
53335
79838
28982
10008
79814
5169
55635
30061
29968
10809
57530
83461
83540
29785
26996
54566
9075
57670
84708
84057
27283
55040
55540
8313
55540
83879
113130
84706
4257
146223
389831
389831
84152
84988
4645
83699
3149
29128
151354
57475
284801
89958
51361
128218
113802
54845
80209
149175
9066
1040
2065
1184
84133
1525
147798
2122
85315
57224
85462
26164
201161
201161
53354
5208
92421
128486
642273
81706
254887
222171
55789
115677
196410
119391
7464
112609
55971
9185
220963
7976
80201
85315
5618
29842
10008
387695
387695
135932
92292
59084
59352
129293
55010
5774
144455
57221
113115
349565
89866
55771
57082
57619
84451
891
6097
81620
7429
1602
7368
729680
388743
81624
2863
56704
65266
430
22874
57669
3549
127845
148418
128239
55612
195828
196996
135932
5550
374383
573
119467
5255
388341
55349
401546
254427
83879
151246
389084
143689
10110
23554
23554
140883
3172
222643
389434
27283
117177
283375
4257
64946
57221
439949
157860
83992
3174
55635
57643
254057
5169
29899
151354
151009
153562
158158
138065
84612
55286
163183
83990
100289255
159371
124975
6469
100506380
123099
54810
9928
158402
151827
387921
100505989
127294
79056
100505946
644943
283431
8792
117177
100505730
79730
1525
730102
728342
100505633
2877
80055
2650
100506860
5332
145741
29974
730102
80055
440603
440894
83856
400643
6523
54852
22941
150209
253650
51302
100133941
1951
65987
55612
91860
10053
