ENTREZ gene id
90203
1056
875
169981
84899
1499
29923
7429
23261
55757
2786
169981
169981
30811
8675
150538
6638
346389
346389
55905
2971
26227
8933
664
664
10160
10160
6480
3475
3475
5326
5326
4354
2744
2744
10257
9882
9882
8614
22837
8659
1756
6919
23475
8884
205
205
65055
65055
4037
5509
3897
1299
9767
357
26747
2786
5723
3757
8309
5324
3092
27286
23708
4846
2159
11069
5053
2069
1820
1056
8382
55888
7512
7639
11156
55634
4935
51066
1555
8904
5754
6564
53820
1057
58530
8473
8473
430
8573
114876
546
4758
7105
7105
2887
23600
18
18
6509
11156
10656
5243
3757
53335
8908
2887
4752
8573
9777
8473
23509
219654
6509
6509
23078
92249
4752
23261
23314
5789
286527
4213
1131
6641
2971
23314
8908
10426
3219
7512
563
389538
56937
26071
9448
11083
80209
64781
29923
65998
55323
10763
60436
6322
10451
10451
51741
79605
65986
80183
53335
53335
80095
79442
64772
81575
51085
26249
3653
8642
56937
56937
51114
11083
6322
50804
50804
53335
2744
54749
55425
57412
10451
84707
89796
89796
550643
550643
151613
151613
63939
205
159090
112858
95681
95681
57685
388796
80209
81617
81617
57216
145567
1184
1184
55529
92312
9584
55425
6641
2686
6638
55608
80336
3920
128486
57539
85460
4773
80110
59084
84141
116154
10160
162972
1993
256714
91614
4773
27330
65986
6533
144245
729680
2863
430
114818
50804
85407
441027
23305
254427
57507
55425
51691
254427
83879
205
64849
3172
341640
389434
27283
283375
27143
441027
57711
346389
85407
50804
346606
143458
644283
79805
51691
163183
84874
55757
100113407
9852
26974
55323
127294
80777
644943
10160
80704
100132406
653687
23475
1131
7789
9643
57477
81544
80183
